<!-- ComputeWavefunction3D.svelte -->
<script>
  import DocumentationTemplate from './DocumentationTemplate.svelte';

  const content = {
    title: "Función compute_wavefunction_3D()",
    functionName: "compute_wavefunction_3D()",
    parameters: [],
    description: `La función no requiere ningún parámetro de entrada y devuelve un arreglo numpy de 3 dimensiones (tensor). 
    <br>Calcula la función de onda de probabilidad en 3 dimensiones. Esta función es útil para graficar en 3 dimensiones.`,
    syntaxCode: `<span class="keyword">from</span> quplots <span class="keyword">import</span> electron
<span class="comment"># n, l, m, y radio</span>
<span class="variable">e</span> = <span class="function">electron</span>(<span class="number">1</span>, <span class="number">0</span>, <span class="number">0</span>, <span class="number">1</span>)
<span class="variable">psi</span> = <span class="variable">e</span>.<span class="function">compute_wavefunction_3D</span>()
<span class="function">print</span>(<span class="string">f"Psi={psi}"</span>)`,
    output: `Psi=[[[1.69521186e-08 2.12894660e-08 2.65657695e-08 ... 2.65657695e-08
   2.12894660e-08 1.69521186e-08]
  [2.12894660e-08 2.68189779e-08 3.35686777e-08 ... 3.35686777e-08
   2.68189779e-08 2.12894660e-08]
  [2.65657695e-08 3.35686777e-08 4.21463336e-08 ... 4.21463336e-08
   3.35686777e-08 2.65657695e-08]
  ...
  [2.65657695e-08 3.35686777e-08 4.21463336e-08 ... 4.21463336e-08
   3.35686777e-08 2.65657695e-08]
  [2.12894660e-08 2.68189779e-08 3.35686777e-08 ... 3.35686777e-08
   2.68189779e-08 2.12894660e-08]
  [1.69521186e-08 2.12894660e-08 2.65657695e-08 ... 2.65657695e-08
   2.12894660e-08 1.69521186e-08]]
 [[2.12894660e-08 2.68189779e-08 3.35686777e-08 ... 3.35686777e-08
   2.68189779e-08 2.12894660e-08]
  [2.68189779e-08 3.38931572e-08 4.25594062e-08 ... 4.25594062e-08
   3.38931572e-08 2.68189779e-08]
  [3.35686777e-08 4.25594062e-08 5.36131594e-08 ... 5.36131594e-08
   4.25594062e-08 3.35686777e-08]
  ...
  [3.35686777e-08 4.25594062e-08 5.36131594e-08 ... 5.36131594e-08
   4.25594062e-08 3.35686777e-08]
  [2.68189779e-08 3.38931572e-08 4.25594062e-08 ... 4.25594062e-08
   3.38931572e-08 2.68189779e-08]
  [2.12894660e-08 2.68189779e-08 3.35686777e-08 ... 3.35686777e-08
   2.68189779e-08 2.12894660e-08]]
 [[2.65657695e-08 3.35686777e-08 4.21463336e-08 ... 4.21463336e-08
   3.35686777e-08 2.65657695e-08]
  [3.35686777e-08 4.25594062e-08 5.36131594e-08 ... 5.36131594e-08
   4.25594062e-08 3.35686777e-08]
  [4.21463336e-08 5.36131594e-08 6.77641615e-08 ... 6.77641615e-08
   5.36131594e-08 4.21463336e-08]
  ...
  [4.21463336e-08 5.36131594e-08 6.77641615e-08 ... 6.77641615e-08
   5.36131594e-08 4.21463336e-08]
  [3.35686777e-08 4.25594062e-08 5.36131594e-08 ... 5.36131594e-08
   4.25594062e-08 3.35686777e-08]
  [2.65657695e-08 3.35686777e-08 4.21463336e-08 ... 4.21463336e-08
   3.35686777e-08 2.65657695e-08]]
 ...
 [[2.65657695e-08 3.35686777e-08 4.21463336e-08 ... 4.21463336e-08
   3.35686777e-08 2.65657695e-08]
  [3.35686777e-08 4.25594062e-08 5.36131594e-08 ... 5.36131594e-08
   4.25594062e-08 3.35686777e-08]
  [4.21463336e-08 5.36131594e-08 6.77641615e-08 ... 6.77641615e-08
   5.36131594e-08 4.21463336e-08]
  ...
  [4.21463336e-08 5.36131594e-08 6.77641615e-08 ... 6.77641615e-08
   5.36131594e-08 4.21463336e-08]
  [3.35686777e-08 4.25594062e-08 5.36131594e-08 ... 5.36131594e-08
   4.25594062e-08 3.35686777e-08]
  [2.65657695e-08 3.35686777e-08 4.21463336e-08 ... 4.21463336e-08
   3.35686777e-08 2.65657695e-08]]
 [[2.12894660e-08 2.68189779e-08 3.35686777e-08 ... 3.35686777e-08
   2.68189779e-08 2.12894660e-08]
  [2.68189779e-08 3.38931572e-08 4.25594062e-08 ... 4.25594062e-08
   3.38931572e-08 2.68189779e-08]
  [3.35686777e-08 4.25594062e-08 5.36131594e-08 ... 5.36131594e-08
   4.25594062e-08 3.35686777e-08]
  ...
  [3.35686777e-08 4.25594062e-08 5.36131594e-08 ... 5.36131594e-08
   4.25594062e-08 3.35686777e-08]
  [2.68189779e-08 3.38931572e-08 4.25594062e-08 ... 4.25594062e-08
   3.38931572e-08 2.68189779e-08]
  [2.12894660e-08 2.68189779e-08 3.35686777e-08 ... 3.35686777e-08
   2.68189779e-08 2.12894660e-08]]
 [[1.69521186e-08 2.12894660e-08 2.65657695e-08 ... 2.65657695e-08
   2.12894660e-08 1.69521186e-08]
  [2.12894660e-08 2.68189779e-08 3.35686777e-08 ... 3.35686777e-08
   2.68189779e-08 2.12894660e-08]
  [2.65657695e-08 3.35686777e-08 4.21463336e-08 ... 4.21463336e-08
   3.35686777e-08 2.65657695e-08]
  ...
  [2.65657695e-08 3.35686777e-08 4.21463336e-08 ... 4.21463336e-08
   3.35686777e-08 2.65657695e-08]
  [2.12894660e-08 2.68189779e-08 3.35686777e-08 ... 3.35686777e-08
   2.68189779e-08 2.12894660e-08]
  [1.69521186e-08 2.12894660e-08 2.65657695e-08 ... 2.65657695e-08
   2.12894660e-08 1.69521186e-08]]]`
  };
</script>

<DocumentationTemplate {...content} />
